%YAML:1.0
---
K: !!opencv-matrix
   rows: 3
   cols: 3
   dt: d
   data: [ 1368.4005513687503, 0., 674.67906605176461, 0.,
       1368.2814769668234, 362.412959344331, 0., 0., 1. ]
D: !!opencv-matrix
   rows: 1
   cols: 5
   dt: d
   data: [ 0.11066012776089856, 0.35491184564806422,
       0.0013359029837595763, 0.011931844083794701, -1.5941105385179166 ]
